1.0
1.0
1.0
-1.0
-1.0
1.0
-1.0
0.0
0.2646263
0.38733497
0.32276422
0.15056905
0.01593777
0.02460385
0.16696982
0.32521844
0.3583425
0.20467553
-0.07099536
-0.31943834
-0.4086724
-0.31361505
-0.13047244
-0.005971451
-0.0318337
-0.17944032
-0.3210357
-0.32235625
-0.14083001
0.14054129
0.36796823
0.4218463
0.29785317
0.10700303
-0.0051128003
0.03753964
0.1878376
0.31041068
0.28017524
0.074408405
-0.20721826
-0.40919733
-0.42651284
-0.27570125
-0.0805676
0.017089695
-0.04168288
-0.19211091
-0.29366866
-0.23271844
-0.006776467
0.26966587
0.44225332
0.4225015
0.24752001
0.051649697
-0.029695587
0.044272806
0.19230027
0.27125666
0.1810047
-0.060681276
-0.32661083
-0.46642864
-0.40982005
-0.21380237
-0.020800842
0.04263429
-0.045364868
-0.18853314
-0.24373198
-0.12613074
0.12659013
0.37689337
0.48119596
0.3886559
0.1751651
-0.011370112
-0.055583965
0.04505729
0.18101917
0.21174891
0.06924772
-0.18961357
-0.41949084
-0.4862195
-0.3593737
-0.1323375
0.044209093
0.0682049
-0.043486625
-0.17004319
-0.17604324
-0.011536897
0.24848053
0.4535389
0.48136282
0.32250902
0.08614755
-0.077030234
-0.08014803
0.040822342
0.15595673
0.1374155
-0.045815147
-0.3020114
-0.4783491
0.0
0.47422048
-0.12694755
-0.29412714
0.120116055
0.05244678
0.05503927
0.09834985
-0.30623466
-0.08010389
0.47845668
-0.05686558
-0.46377143
0.17255417
0.27791664
-0.14091964
-0.04861542
-0.05642794
-0.07595091
0.31414428
0.032650474
-0.4764504
0.11298458
0.4472217
-0.21630739
-0.25775585
0.1604357
0.043533657
0.056670006
0.05324922
-0.31781924
0.014782853
0.46825483
-0.16762039
-0.42476502
0.2576104
0.233854
-0.17834935
-0.037214413
-0.055843137
-0.03056992
0.31728065
-0.06157225
-0.45400468
0.22005613
0.39667422
-0.29589403
-0.20647465
0.19436063
0.029695587
0.054043375
0.008228683
-0.31260633
0.107108176
0.43391427
-0.26960427
-0.36329797
0.3306248
0.17593293
-0.20818935
-0.021040104
-0.05138279
0.013472734
0.3039288
-0.15080346
-0.4082742
0.3156157
0.3250564
-0.36131224
-0.14259186
0.21957973
0.011335551
0.047986846
-0.03425062
-0.29143265
0.192101
0.37744713
-0.35748848
-0.28243572
0.3875161
0.10685802
-0.22830468
-0.0006933302
-0.043991577
0.053843077
0.2753512
-0.23048097
-0.34186268
0.39467573
0.23598184
-0.40885255
-0.069176465
0.23416996
-0.010752616
0.039540622
-0.07201338
-0.25596246
0.26546744
0.3020114
-0.4266929
0.0
0.47422048
-0.12694755
-0.29412714
0.120116055
0.05244678
0.05503927
0.09834985
-0.30623466
-0.08010389
0.47845668
-0.05686558
-0.46377143
0.17255417
0.27791664
-0.14091964
-0.04861542
-0.05642794
-0.07595091
0.31414428
0.032650474
-0.4764504
0.11298458
0.4472217
-0.21630739
-0.25775585
0.1604357
0.043533657
0.056670006
0.05324922
-0.31781924
0.014782853
0.46825483
-0.16762039
-0.42476502
0.2576104
0.233854
-0.17834935
-0.037214413
-0.055843137
-0.03056992
0.31728065
-0.06157225
-0.45400468
0.22005613
0.39667422
-0.29589403
-0.20647465
0.19436063
0.029695587
0.054043375
0.008228683
-0.31260633
0.107108176
0.43391427
-0.26960427
-0.36329797
0.3306248
0.17593293
-0.20818935
-0.021040104
-0.05138279
0.013472734
0.3039288
-0.15080346
-0.4082742
0.3156157
0.3250564
-0.36131224
-0.14259186
0.21957973
0.011335551
0.047986846
-0.03425062
-0.29143265
0.192101
0.37744713
-0.35748848
-0.28243572
0.3875161
0.10685802
-0.22830468
-0.0006933302
-0.043991577
0.053843077
0.2753512
-0.23048097
-0.34186268
0.39467573
0.23598184
-0.40885255
-0.069176465
0.23416996
-0.010752616
0.039540622
-0.07201338
-0.25596246
0.26546744
0.3020114
-0.4266929
0.0
0.2646263
0.38733497
0.32276422
0.15056905
0.01593777
0.02460385
0.16696982
0.32521844
0.3583425
0.20467553
-0.07099536
-0.31943834
-0.4086724
-0.31361505
-0.13047244
-0.005971451
-0.0318337
-0.17944032
-0.3210357
-0.32235625
-0.14083001
0.14054129
0.36796823
0.4218463
0.29785317
0.10700303
-0.0051128003
0.03753964
0.1878376
0.31041068
0.28017524
0.074408405
-0.20721826
-0.40919733
-0.42651284
-0.27570125
-0.0805676
0.017089695
-0.04168288
-0.19211091
-0.29366866
-0.23271844
-0.006776467
0.26966587
0.44225332
0.4225015
0.24752001
0.051649697
-0.029695587
0.044272806
0.19230027
0.27125666
0.1810047
-0.060681276
-0.32661083
-0.46642864
-0.40982005
-0.21380237
-0.020800842
0.04263429
-0.045364868
-0.18853314
-0.24373198
-0.12613074
0.12659013
0.37689337
0.48119596
0.3886559
0.1751651
-0.011370112
-0.055583965
0.04505729
0.18101917
0.21174891
0.06924772
-0.18961357
-0.41949084
-0.4862195
-0.3593737
-0.1323375
0.044209093
0.0682049
-0.043486625
-0.17004319
-0.17604324
-0.011536897
0.24848053
0.4535389
0.48136282
0.32250902
0.08614755
-0.077030234
-0.08014803
0.040822342
0.15595673
0.1374155
-0.045815147
-0.3020114
-0.4783491
0.0
0.47422048
-0.12694755
-0.29412714
0.120116055
0.05244678
0.05503927
0.09834985
-0.30623466
-0.08010389
0.47845668
-0.05686558
-0.46377143
0.17255417
0.27791664
-0.14091964
-0.04861542
-0.05642794
-0.07595091
0.31414428
0.032650474
-0.4764504
0.11298458
0.4472217
-0.21630739
-0.25775585
0.1604357
0.043533657
0.056670006
0.05324922
-0.31781924
0.014782853
0.46825483
-0.16762039
-0.42476502
0.2576104
0.233854
-0.17834935
-0.037214413
-0.055843137
-0.03056992
0.31728065
-0.06157225
-0.45400468
0.22005613
0.39667422
-0.29589403
-0.20647465
0.19436063
0.029695587
0.054043375
0.008228683
-0.31260633
0.107108176
0.43391427
-0.26960427
-0.36329797
0.3306248
0.17593293
-0.20818935
-0.021040104
-0.05138279
0.013472734
0.3039288
-0.15080346
-0.4082742
0.3156157
0.3250564
-0.36131224
-0.14259186
0.21957973
0.011335551
0.047986846
-0.03425062
-0.29143265
0.192101
0.37744713
-0.35748848
-0.28243572
0.3875161
0.10685802
-0.22830468
-0.0006933302
-0.043991577
0.053843077
0.2753512
-0.23048097
-0.34186268
0.39467573
0.23598184
-0.40885255
-0.069176465
0.23416996
-0.010752616
0.039540622
-0.07201338
-0.25596246
0.26546744
0.3020114
-0.4266929
0.0
0.2646263
0.38733497
0.32276422
0.15056905
0.01593777
0.02460385
0.16696982
0.32521844
0.3583425
0.20467553
-0.07099536
-0.31943834
-0.4086724
-0.31361505
-0.13047244
-0.005971451
-0.0318337
-0.17944032
-0.3210357
-0.32235625
-0.14083001
0.14054129
0.36796823
0.4218463
0.29785317
0.10700303
-0.0051128003
0.03753964
0.1878376
0.31041068
0.28017524
0.074408405
-0.20721826
-0.40919733
-0.42651284
-0.27570125
-0.0805676
0.017089695
-0.04168288
-0.19211091
-0.29366866
-0.23271844
-0.006776467
0.26966587
0.44225332
0.4225015
0.24752001
0.051649697
-0.029695587
0.044272806
0.19230027
0.27125666
0.1810047
-0.060681276
-0.32661083
-0.46642864
-0.40982005
-0.21380237
-0.020800842
0.04263429
-0.045364868
-0.18853314
-0.24373198
-0.12613074
0.12659013
0.37689337
0.48119596
0.3886559
0.1751651
-0.011370112
-0.055583965
0.04505729
0.18101917
0.21174891
0.06924772
-0.18961357
-0.41949084
-0.4862195
-0.3593737
-0.1323375
0.044209093
0.0682049
-0.043486625
-0.17004319
-0.17604324
-0.011536897
0.24848053
0.4535389
0.48136282
0.32250902
0.08614755
-0.077030234
-0.08014803
0.040822342
0.15595673
0.1374155
-0.045815147
-0.3020114
-0.4783491
0.0
0.2646263
0.38733497
0.32276422
0.15056905
0.01593777
0.02460385
0.16696982
0.32521844
0.3583425
0.20467553
-0.07099536
-0.31943834
-0.4086724
-0.31361505
-0.13047244
-0.005971451
-0.0318337
-0.17944032
-0.3210357
-0.32235625
-0.14083001
0.14054129
0.36796823
0.4218463
0.29785317
0.10700303
-0.0051128003
0.03753964
0.1878376
0.31041068
0.28017524
0.074408405
-0.20721826
-0.40919733
-0.42651284
-0.27570125
-0.0805676
0.017089695
-0.04168288
-0.19211091
-0.29366866
-0.23271844
-0.006776467
0.26966587
0.44225332
0.4225015
0.24752001
0.051649697
-0.029695587
0.044272806
0.19230027
0.27125666
0.1810047
-0.060681276
-0.32661083
-0.46642864
-0.40982005
-0.21380237
-0.020800842
0.04263429
-0.045364868
-0.18853314
-0.24373198
-0.12613074
0.12659013
0.37689337
0.48119596
0.3886559
0.1751651
-0.011370112
-0.055583965
0.04505729
0.18101917
0.21174891
0.06924772
-0.18961357
-0.41949084
-0.4862195
-0.3593737
-0.1323375
0.044209093
0.0682049
-0.043486625
-0.17004319
-0.17604324
-0.011536897
0.24848053
0.4535389
0.48136282
0.32250902
0.08614755
-0.077030234
-0.08014803
0.040822342
0.15595673
0.1374155
-0.045815147
-0.3020114
-0.4783491
0.0
0.2646263
0.38733497
0.32276422
0.15056905
0.01593777
0.02460385
0.16696982
0.32521844
0.3583425
0.20467553
-0.07099536
-0.31943834
-0.4086724
-0.31361505
-0.13047244
-0.005971451
-0.0318337
-0.17944032
-0.3210357
-0.32235625
-0.14083001
0.14054129
0.36796823
0.4218463
0.29785317
0.10700303
-0.0051128003
0.03753964
0.1878376
0.31041068
0.28017524
0.074408405
-0.20721826
-0.40919733
-0.42651284
-0.27570125
-0.0805676
0.017089695
-0.04168288
-0.19211091
-0.29366866
-0.23271844
-0.006776467
0.26966587
0.44225332
0.4225015
0.24752001
0.051649697
-0.029695587
0.044272806
0.19230027
0.27125666
0.1810047
-0.060681276
-0.32661083
-0.46642864
-0.40982005
-0.21380237
-0.020800842
0.04263429
-0.045364868
-0.18853314
-0.24373198
-0.12613074
0.12659013
0.37689337
0.48119596
0.3886559
0.1751651
-0.011370112
-0.055583965
0.04505729
0.18101917
0.21174891
0.06924772
-0.18961357
-0.41949084
-0.4862195
-0.3593737
-0.1323375
0.044209093
0.0682049
-0.043486625
-0.17004319
-0.17604324
-0.011536897
0.24848053
0.4535389
0.48136282
0.32250902
0.08614755
-0.077030234
-0.08014803
0.040822342
0.15595673
0.1374155
-0.045815147
-0.3020114
-0.4783491
1.0
1.0
1.0
-1.0
-1.0
1.0
-1.0
